# File containing all parameters used in the observer package
kf:
  ros__parameters:
    Qd: [0.001475, 0.001475, 0.001475, 0.00000217, 0.00000217, 0.000000217, 0.00175, 0.00175, 0.00175, 0.00000274, 0.00000274, 0.00000274]
    Rd: [0.01, 0.01, 0.01, 0.005, 0.005, 0.005, 0.001, 0.001, 0.001]
    Tacc: 1000.0
    Tars: 500.0
    dt: 0.01
